"V1","V2","V3","V4","V5","V6","V7","V8","V9","V10","V11","V12","V13","V14","V15","V16","V17","V18","V19","V20","V21","V22","V23","V24","V25","V26","V27","V28","V29","V30","V31","V32","V33","V34","V35","V36","V37","V38","V39","V40","V41","V42","V43","V44","V45","V46","V47","V48","V49","V50","V51","V52"
0.789999961853027,0.75,0.659999966621399,0.550000011920929,0.779999971389771,0.939999997615814,1.02999997138977,0.969999969005585,0.789999961853027,1.10000002384186,1.26999998092651,1.18999993801117,0.799999952316284,1.10000002384186,1.28999996185303,1.20999991893768,0.949999988079071,1.24000000953674,1.41999995708466,1.32999992370605,1.04999995231628,1.22000002861023,1.32999992370605,1.22000002861023,1.11000001430511,1.18999993801117,1.23000001907349,1.10000002384186,1.14999997615814,1.14999997615814,1.12999999523163,0.969999969005585,1.14999997615814,1.0699999332428,0.969999969005585,0.779999971389771,1.10000002384186,0.930000007152557,0.75,0.539999961853027,1,0.779999971389771,0.569999992847443,0.379999995231628,0.870000004768372,0.639999985694885,0.429999977350235,0.269999980926514,0.740000009536743,0.550000011920929,0.389999985694885,0.280000001192093
1.13999998569489,1.00999999046326,0.810000002384186,0.620000004768372,1.1599999666214,1.18999993801117,1.14999997615814,0.969999969005585,1.1599999666214,1.28999996185303,1.35000002384186,1.17999994754791,1.16999995708466,1.3199999332428,1.37000000476837,1.18999993801117,1.28999996185303,1.4099999666214,1.44999992847443,1.26999998092651,1.39999997615814,1.4099999666214,1.4099999666214,1.23000001907349,1.48000001907349,1.41999995708466,1.32999992370605,1.12999999523163,1.53999996185303,1.4099999666214,1.25999999046326,1.01999998092651,1.57999992370605,1.35000002384186,1.13999998569489,0.889999985694885,1.54999995231628,1.24000000953674,0.969999969005585,0.719999969005585,1.43999993801117,1.10000002384186,0.810000002384186,0.550000011920929,1.27999997138977,0.979999959468842,0.680000007152557,0.449999988079071,1.16999995708466,0.919999957084656,0.629999995231628,0.449999988079071
1.23000001907349,1.03999996185303,0.740000009536743,0.479999989271164,1.17999994754791,1.13999998569489,0.919999957084656,0.649999976158142,1.12000000476837,1.14999997615814,1.03999996185303,0.789999961853027,1.0900000333786,1.13999998569489,1.0699999332428,0.879999995231628,1.16999995708466,1.18999993801117,1.1599999666214,1.00999999046326,1.28999996185303,1.23000001907349,1.1599999666214,1.05999994277954,1.39999997615814,1.25,1.12999999523163,1.02999997138977,1.46999990940094,1.25,1.0900000333786,1.01999998092651,1.48000001907349,1.16999995708466,1.10000002384186,1.02999997138977,1.37999999523163,1.12000000476837,1.05999994277954,0.959999978542328,1.32999992370605,1.04999995231628,0.930000007152557,0.870000004768372,1.12000000476837,0.919999957084656,0.829999983310699,0.789999961853027,1.02999997138977,0.879999995231628,0.729999959468842,0.719999969005585
1.18999993801117,0.949999988079071,0.649999976158142,0.439999997615814,1.1599999666214,1.01999998092651,0.799999952316284,0.550000011920929,1.05999994277954,1.05999994277954,0.939999997615814,0.689999997615814,1.07999992370605,1.12000000476837,1.05999994277954,0.839999973773956,1.20999991893768,1.23000001907349,1.19999992847443,1.01999998092651,1.37000000476837,1.30999994277954,1.24000000953674,1.10000002384186,1.5,1.33999991416931,1.18999993801117,1.05999994277954,1.50999999046326,1.26999998092651,1.13999998569489,1.04999995231628,1.42999994754791,1.17999994754791,1.12000000476837,1.0699999332428,1.30999994277954,1.10000002384186,1.0699999332428,1.07999992370605,1.17999994754791,1.00999999046326,1,1.01999998092651,1,0.899999976158142,0.899999976158142,0.930000007152557,0.939999997615814,0.839999973773956,0.789999961853027,0.810000002384186
1.55999994277954,1.29999995231628,1,0.819999992847443,1.61000001430511,1.5,1.1599999666214,0.949999988079071,1.61000001430511,1.62999999523163,1.45999991893768,1.14999997615814,1.67999994754791,1.77999997138977,1.68999993801117,1.4099999666214,1.78999996185303,1.87000000476837,1.82999992370605,1.5699999332428,1.88999998569489,1.88999998569489,1.83999991416931,1.62000000476837,1.91999995708466,1.84999990463257,1.71999990940094,1.53999996185303,1.87000000476837,1.70999991893768,1.57999992370605,1.45999991893768,1.75999999046326,1.5699999332428,1.49000000953674,1.39999997615814,1.62000000476837,1.44999992847443,1.39999997615814,1.33999991416931,1.43999993801117,1.35000002384186,1.28999996185303,1.24000000953674,1.24000000953674,1.17999994754791,1.1599999666214,1.11000001430511,1.10000002384186,1.03999996185303,1,0.949999988079071
1.61000001430511,1.33999991416931,1.0699999332428,0.949999988079071,1.68999993801117,1.54999995231628,1.26999998092651,1.07999992370605,1.70999991893768,1.70999991893768,1.55999994277954,1.3199999332428,1.82999992370605,1.9099999666214,1.79999995231628,1.54999995231628,1.95999991893768,2.05999994277954,1.9799998998642,1.71999990940094,2.04999995231628,2.08999991416931,2.03999996185303,1.78999996185303,2.07999992370605,2.05999994277954,1.93999993801117,1.75,2.01999998092651,1.92999994754791,1.78999996185303,1.63999998569489,1.9099999666214,1.76999998092651,1.66999995708466,1.54999995231628,1.75,1.62999999523163,1.54999995231628,1.44999992847443,1.53999996185303,1.49000000953674,1.39999997615814,1.30999994277954,1.3199999332428,1.28999996185303,1.25,1.1599999666214,1.16999995708466,1.10000002384186,1.05999994277954,0.979999959468842
1.43999993801117,1.12000000476837,0.810000002384186,0.629999995231628,1.42999994754791,1.24000000953674,0.959999978542328,0.729999959468842,1.39999997615814,1.3199999332428,1.12000000476837,0.85999995470047,1.43999993801117,1.41999995708466,1.26999998092651,1,1.51999998092651,1.52999997138977,1.4099999666214,1.13999998569489,1.61000001430511,1.5699999332428,1.45999991893768,1.22000002861023,1.64999997615814,1.55999994277954,1.42999994754791,1.23000001907349,1.64999997615814,1.51999998092651,1.37000000476837,1.22000002861023,1.62999999523163,1.48000001907349,1.36000001430511,1.23000001907349,1.55999994277954,1.42999994754791,1.32999992370605,1.20999991893768,1.45999991893768,1.37999999523163,1.28999996185303,1.19999992847443,1.37999999523163,1.28999996185303,1.22000002861023,1.12000000476837,1.32999992370605,1.19999992847443,1.11000001430511,1.01999998092651
1.43999993801117,1.13999998569489,0.829999983310699,0.539999961853027,1.43999993801117,1.22000002861023,0.930000007152557,0.620000004768372,1.4099999666214,1.26999998092651,1.02999997138977,0.699999988079071,1.42999994754791,1.33999991416931,1.12999999523163,0.789999961853027,1.49000000953674,1.4099999666214,1.23000001907349,0.919999957084656,1.54999995231628,1.44999992847443,1.25999999046326,0.989999949932098,1.5699999332428,1.43999993801117,1.25999999046326,1.01999998092651,1.59999990463257,1.4099999666214,1.19999992847443,0.949999988079071,1.55999994277954,1.36000001430511,1.14999997615814,0.889999985694885,1.49000000953674,1.28999996185303,1.0699999332428,0.799999952316284,1.37999999523163,1.19999992847443,0.989999949932098,0.719999969005585,1.29999995231628,1.10000002384186,0.879999995231628,0.589999973773956,1.25,1,0.740000009536743,0.439999997615814
1.39999997615814,1.12999999523163,0.839999973773956,0.560000002384186,1.43999993801117,1.24000000953674,0.959999978542328,0.669999957084656,1.45999991893768,1.30999994277954,1.04999995231628,0.740000009536743,1.45999991893768,1.33999991416931,1.12000000476837,0.799999952316284,1.5,1.4099999666214,1.20999991893768,0.889999985694885,1.55999994277954,1.43999993801117,1.25,0.969999969005585,1.5699999332428,1.42999994754791,1.24000000953674,0.989999949932098,1.58999991416931,1.32999992370605,1.05999994277954,0.789999961853027,1.49000000953674,1.19999992847443,0.899999976158142,0.610000014305115,1.33999991416931,1.01999998092651,0.680000007152557,0.379999995231628,1.16999995708466,0.829999983310699,0.489999979734421,0.170000001788139,1.01999998092651,0.649999976158142,0.269999980926514,-0.0599999986588955,0.919999957084656,0.489999979734421,0.0799999982118607,-0.280000001192093
1.30999994277954,1.07999992370605,0.829999983310699,0.620000004768372,1.4099999666214,1.24000000953674,1,0.759999990463257,1.45999991893768,1.32999992370605,1.10000002384186,0.839999973773956,1.43999993801117,1.33999991416931,1.02999997138977,0.719999969005585,1.52999997138977,1.42999994754791,1.0900000333786,0.729999959468842,1.5699999332428,1.45999991893768,1.0900000333786,0.729999959468842,1.59999990463257,1.44999992847443,1.01999998092651,0.659999966621399,1.51999998092651,1.28999996185303,0.799999952316284,0.399999976158142,1.4099999666214,1.13999998569489,0.599999964237213,0.159999996423721,1.24000000953674,0.949999988079071,0.399999976158142,-0.0399999991059303,1.04999995231628,0.759999990463257,0.209999993443489,-0.219999998807907,0.879999995231628,0.569999992847443,0.0700000002980232,-0.329999983310699,0.789999961853027,0.449999988079071,-0.00999999977648258,-0.370000004768372
